image_width: 1920
image_height: 1080
camera_name: head_camera
camera_matrix:
  rows: 3
  cols: 3
  data: [ 1434.80858,     0.     ,   980.17297,
             0.     ,  1430.24615,   461.48133,
             0.     ,     0.     ,     1.     ]
distortion_model: plumb_bob
distortion_coefficients:
  rows: 1
  cols: 5
  data: [-0.419263, 0.164690, 0.003311, 0.000665, 0.000000]
rectification_matrix:
  rows: 3
  cols: 3
  data: [ 1.,  0.,  0.,
          0.,  1.,  0.,
          0.,  0.,  1.]
projection_matrix:
  rows: 3
  cols: 4
  data: [ 1120.56409,     0.     ,   993.19051,     0.     ,
             0.     ,  1334.02551,   452.90589,     0.     ,
             0.     ,     0.     ,     1.     ,     0.     ]
