image_width: 1920
image_height: 1080
camera_name: head_camera
camera_matrix:
  rows: 3
  cols: 3
  data: [ 1413.88038,     0.     ,   974.90119,
             0.     ,  1409.59392,   488.38809,
             0.     ,     0.     ,     1.     ]
distortion_model: plumb_bob
distortion_coefficients:
  rows: 1
  cols: 5
  data: [-0.418473, 0.160381, -0.002080, 0.001051, 0.000000]
rectification_matrix:
  rows: 3
  cols: 3
  data: [ 1.,  0.,  0.,
          0.,  1.,  0.,
          0.,  0.,  1.]
projection_matrix:
  rows: 3
  cols: 4
  data: [ 1091.68628,     0.     ,   987.66847,     0.     ,
             0.     ,  1312.2821 ,   478.94989,     0.     ,
             0.     ,     0.     ,     1.     ,     0.     ]
