image_width: 1920
image_height: 1080
camera_name: narrow_stereo
camera_matrix:
  rows: 3
  cols: 3
  data: [ 1429.15595,     0.     ,   992.88123,
             0.     ,  1426.44643,   473.59431,
             0.     ,     0.     ,     1.     ]
camera_model: plumb_bob
distortion_coefficients:
  rows: 1
  cols: 5
  data: [-0.411795, 0.154223, 0.002078, -0.000381, 0.000000]
rectification_matrix:
  rows: 3
  cols: 3
  data: [ 1.,  0.,  0.,
          0.,  1.,  0.,
          0.,  0.,  1.]
projection_matrix:
  rows: 3
  cols: 4
  data: [ 1113.80298,     0.     ,  1008.28277,     0.     ,
             0.     ,  1332.25977,   465.80866,     0.     ,
             0.     ,     0.     ,     1.     ,     0.     ]
