image_width: 1920
image_height: 1080
camera_name: narrow_stereo
camera_matrix:
  rows: 3
  cols: 3
  data: [ 846.90118,    0.     ,  981.05102,
            0.     ,  853.86915,  501.48146,
            0.     ,    0.     ,    1.     ]
camera_model: plumb_bob
distortion_coefficients:
  rows: 1
  cols: 5
  data: [-0.335550, 0.058887, 0.005472, -0.001963, 0.000000]
rectification_matrix:
  rows: 3
  cols: 3
  data: [ 1.,  0.,  0.,
          0.,  1.,  0.,
          0.,  0.,  1.]
projection_matrix:
  rows: 3
  cols: 4
  data: [ 744.07098,    0.     ,  997.43372,    0.     ,
            0.     ,  701.49603,  491.48972,    0.     ,
            0.     ,    0.     ,    1.     ,    0.     ]
